MSE : 3137.321818033854
MAE : 61.883382161458336
