MSE : 477.0009091862416
MAE : 27.672073196308723
