MSE : 1449.8151174496645
MAE : 41.48005453020134
