MSE : 147.36450503355704
MAE : 16.03542994966443
