MSE : 698.7487080891927
MAE : 33.189605712890625
