MSE : 166.6677589416504
MAE : 16.157421112060547
