MSE : 2146.155083801509
MAE : 48.93285865400437
