MSE : 689.8582637925766
MAE : 33.221544705891574
