MSE : 379.04647083333333
MAE : 24.83395416666667
