MSE : 339.79134231290595
MAE : 19.022684312388833
