MSE : 514.9398193359375
MAE : 28.858047485351562
