MSE : 3179.3928954812222
MAE : 63.21710679109565
