MSE : 60.88608932495117
MAE : 9.485706329345703
