MSE : 78.43340833333333
MAE : 9.53835
