MSE : 216.65967559814453
MAE : 18.794158935546875
