MSE : 160.51021194458008
MAE : 17.22903823852539
