MSE : 960.7285291666667
MAE : 34.32994583333333
