MSE : 238.13245646158853
MAE : 19.631561279296875
