MSE : 245.47550598246397
MAE : 15.417271024815276
