MSE : 288.45839869966443
MAE : 22.48079802852349
