MSE : 11.136981964111328
MAE : 3.8804969787597656
