MSE : 93.67644119262695
MAE : 12.361949920654297
