MSE : 431.1963399251302
MAE : 27.380930582682293
