MSE : 76.59851719798658
MAE : 11.15378355704698
