MSE : 769.3393592834473
MAE : 37.339473724365234
