MSE : 380.72390365600586
MAE : 24.86062240600586
