MSE : 75.66725540161133
MAE : 10.256832122802734
