MSE : 136.66162490844727
MAE : 15.234943389892578
