MSE : 181.3632625
MAE : 17.470254166666667
