MSE : 47.70348468959732
MAE : 8.575019924496644
