MSE : 108.43074798583984
MAE : 9.621047973632812
