MSE : 386.86854438463286
MAE : 24.88111672660884
