MSE : 79.38103866577148
MAE : 11.57198715209961
