MSE : 112.238575
MAE : 12.339975
