MSE : 2144.2216987609863
MAE : 57.49039840698242
